1713 3615 1.0217746496200562
3615 1713 1.0217746496200562
1355 1799 1.137250304222107
1799 1355 1.137250304222107
1355 2484 1.012738823890686
2484 1355 1.012738823890686
1355 3153 1.0541902780532837
3153 1355 1.0541902780532837
1355 1655 1.002551794052124
1655 1355 1.002551794052124
1355 2025 1.0147790908813477
2025 1355 1.0147790908813477
1355 1944 1.2214369773864746
1944 1355 1.2214369773864746
1355 1445 1.0103862285614014
1445 1355 1.0103862285614014
1355 1909 1.1026538610458374
1909 1355 1.1026538610458374
1355 1603 1.3232614994049072
1603 1355 1.3232614994049072
1355 2615 1.0155189037322998
2615 1355 1.0155189037322998
1355 3104 1.1212489604949951
3104 1355 1.1212489604949951
1355 2353 1.2230892181396484
2353 1355 1.2230892181396484
1355 2334 1.1216552257537842
2334 1355 1.1216552257537842
1355 3439 1.0022481679916382
3439 1355 1.0022481679916382
1355 2585 1.0417588949203491
2585 1355 1.0417588949203491
1355 2601 1.0031846761703491
2601 1355 1.0031846761703491
1355 2063 1.0403553247451782
2063 1355 1.0403553247451782
1355 1624 1.2480485439300537
1624 1355 1.2480485439300537
1355 2866 1.141094446182251
2866 1355 1.141094446182251
1355 1874 1.013339638710022
1874 1355 1.013339638710022
1355 2586 1.0026049613952637
2586 1355 1.0026049613952637
1355 3222 1.0181846618652344
3222 1355 1.0181846618652344
1355 2436 1.0228782892227173
2436 1355 1.0228782892227173
1355 1484 1.2660526037216187
1484 1355 1.2660526037216187
1355 3689 1.032989740371704
3689 1355 1.032989740371704
1355 2553 1.0405446290969849
2553 1355 1.0405446290969849
1355 1658 1.2811110019683838
1658 1355 1.2811110019683838
1355 3282 1.0571517944335938
3282 1355 1.0571517944335938
1355 3187 1.016347050666809
3187 1355 1.016347050666809
1355 2799 1.0644361972808838
2799 1355 1.0644361972808838
1355 1792 1.0606428384780884
1792 1355 1.0606428384780884
1355 1701 1.0454126596450806
1701 1355 1.0454126596450806
1355 2355 1.039162516593933
2355 1355 1.039162516593933
1355 2972 1.1262164115905762
2972 1355 1.1262164115905762
1355 2006 1.1465940475463867
2006 1355 1.1465940475463867
1355 3077 1.0038753747940063
3077 1355 1.0038753747940063
1355 2407 1.2484419345855713
2407 1355 1.2484419345855713
1355 3436 1.091424822807312
3436 1355 1.091424822807312
1355 2165 1.0412752628326416
2165 1355 1.0412752628326416
1355 1837 1.3269908428192139
1837 1355 1.3269908428192139
1355 3058 1.1675162315368652
3058 1355 1.1675162315368652
1355 3227 1.0245553255081177
3227 1355 1.0245553255081177
1355 2377 1.0861483812332153
2377 1355 1.0861483812332153
1355 1936 1.1110590696334839
1936 1355 1.1110590696334839
1355 1585 1.047640085220337
1585 1355 1.047640085220337
1355 2040 1.0382614135742188
2040 1355 1.0382614135742188
1355 1801 1.1491400003433228
1801 1355 1.1491400003433228
1355 2248 1.0295087099075317
2248 1355 1.0295087099075317
1355 2293 1.0135527849197388
2293 1355 1.0135527849197388
1355 2679 1.0597280263900757
2679 1355 1.0597280263900757
1355 2247 1.0449719429016113
2247 1355 1.0449719429016113
1355 2215 1.1120667457580566
2215 1355 1.1120667457580566
1355 2686 1.1315511465072632
2686 1355 1.1315511465072632
1355 2448 1.3791885375976562
2448 1355 1.3791885375976562
1355 2805 1.0179861783981323
2805 1355 1.0179861783981323
1355 1934 1.0597202777862549
1934 1355 1.0597202777862549
1355 1399 1.1351240873336792
1399 1355 1.1351240873336792
1355 2376 1.2320704460144043
2376 1355 1.2320704460144043
1355 3142 1.2399823665618896
3142 1355 1.2399823665618896
1355 2359 1.0494335889816284
2359 1355 1.0494335889816284
1355 2973 1.1284019947052002
2973 1355 1.1284019947052002
1355 2337 1.0472983121871948
2337 1355 1.0472983121871948
1355 1851 1.1417155265808105
1851 1355 1.1417155265808105
1355 3030 1.2620967626571655
3030 1355 1.2620967626571655
1355 2032 1.0291093587875366
2032 1355 1.0291093587875366
1355 2098 1.0058404207229614
2098 1355 1.0058404207229614
1355 2897 1.0354779958724976
2897 1355 1.0354779958724976
1355 2374 1.013409972190857
2374 1355 1.013409972190857
1355 1482 1.1760491132736206
1482 1355 1.1760491132736206
1355 3196 1.081771731376648
3196 1355 1.081771731376648
1355 2363 1.5869483947753906
2363 1355 1.5869483947753906
1355 2839 1.2120281457901
2839 1355 1.2120281457901
1355 1601 1.0038803815841675
1601 1355 1.0038803815841675
1355 1515 1.0809181928634644
1515 1355 1.0809181928634644
1355 1378 1.023638367652893
1378 1355 1.023638367652893
1355 1359 1.077520728111267
1359 1355 1.077520728111267
1355 2649 1.0089614391326904
2649 1355 1.0089614391326904
3211 3352 1.0397088527679443
3352 3211 1.0397088527679443
3211 3457 1.081771731376648
3457 3211 1.081771731376648
1156 2144 1.0631182193756104
2144 1156 1.0631182193756104
1156 3630 1.1700223684310913
3630 1156 1.1700223684310913
1156 2338 1.1087942123413086
2338 1156 1.1087942123413086
1156 1406 1.0766550302505493
1406 1156 1.0766550302505493
1156 2929 1.1301205158233643
2929 1156 1.1301205158233643
1156 2190 1.0677965879440308
2190 1156 1.0677965879440308
1156 3673 1.1134454011917114
3673 1156 1.1134454011917114
1156 2212 1.107991337776184
2212 1156 1.107991337776184
1156 3451 1.0525327920913696
3451 1156 1.0525327920913696
1156 3364 1.0429081916809082
3364 1156 1.0429081916809082
1156 3613 1.0892561674118042
3613 1156 1.0892561674118042
1156 2080 1.1195729970932007
2080 1156 1.1195729970932007
1156 2169 1.0868074893951416
2169 1156 1.0868074893951416
1156 2494 1.0734530687332153
2494 1156 1.0734530687332153
1156 1658 1.0220322608947754
1658 1156 1.0220322608947754
1156 1550 1.024539828300476
1550 1156 1.024539828300476
1156 2442 1.0815939903259277
2442 1156 1.0815939903259277
1156 2057 1.0491551160812378
2057 1156 1.0491551160812378
1156 3047 1.0651921033859253
3047 1156 1.0651921033859253
1156 2405 1.0589970350265503
2405 1156 1.0589970350265503
1156 2842 1.1110320091247559
2842 1156 1.1110320091247559
239 2044 1.0013407468795776
2044 239 1.0013407468795776
239 2285 1.0006762742996216
2285 239 1.0006762742996216
239 1944 1.1507052183151245
1944 239 1.1507052183151245
239 389 1.0948026180267334
389 239 1.0948026180267334
239 439 1.0282894372940063
439 239 1.0282894372940063
239 628 1.0091923475265503
628 239 1.0091923475265503
239 1154 1.0590357780456543
1154 239 1.0590357780456543
239 259 1.1182138919830322
259 239 1.1182138919830322
239 1139 1.1124458312988281
1139 239 1.1124458312988281
239 1740 1.0317611694335938
1740 239 1.0317611694335938
239 2353 1.2796134948730469
2353 239 1.2796134948730469
239 1344 1.0177514553070068
1344 239 1.0177514553070068
239 2624 1.065177083015442
2624 239 1.065177083015442
239 551 1.0426356792449951
551 239 1.0426356792449951
239 3473 1.0318883657455444
3473 239 1.0318883657455444
239 2544 1.065573811531067
2544 239 1.065573811531067
239 3615 1.1132991313934326
3615 239 1.1132991313934326
239 2958 1.080883502960205
2958 239 1.080883502960205
239 911 1.068575382232666
911 239 1.068575382232666
239 2553 1.028749942779541
2553 239 1.028749942779541
239 1658 1.216872215270996
1658 239 1.216872215270996
239 1324 1.0119760036468506
1324 239 1.0119760036468506
239 3548 1.0026944875717163
3548 239 1.0026944875717163
239 2987 1.0437591075897217
2987 239 1.0437591075897217
239 2082 1.011269450187683
2082 239 1.011269450187683
239 1337 1.0652238130569458
1337 239 1.0652238130569458
239 1150 1.0827306509017944
1150 239 1.0827306509017944
239 1278 1.027902603149414
1278 239 1.027902603149414
239 2268 1.0533478260040283
2268 239 1.0533478260040283
239 1276 1.0539098978042603
1276 239 1.0539098978042603
239 377 1.0217878818511963
377 239 1.0217878818511963
239 2673 1.0682334899902344
2673 239 1.0682334899902344
239 657 1.0111457109451294
657 239 1.0111457109451294
239 727 1.0656901597976685
727 239 1.0656901597976685
239 2549 1.017354965209961
2549 239 1.017354965209961
239 729 1.3190093040466309
729 239 1.3190093040466309
239 3165 1.0211012363433838
3165 239 1.0211012363433838
239 1055 1.436566710472107
1055 239 1.436566710472107
239 763 1.0789473056793213
763 239 1.0789473056793213
239 2332 1.0071860551834106
2332 239 1.0071860551834106
239 473 1.2429332733154297
473 239 1.2429332733154297
239 2407 1.231855034828186
2407 239 1.231855034828186
239 1355 1.2370526790618896
1355 239 1.2370526790618896
239 1184 1.02457857131958
1184 239 1.02457857131958
239 1111 1.0380358695983887
1111 239 1.0380358695983887
239 2144 1.0997655391693115
2144 239 1.0997655391693115
239 2954 1.0675245523452759
2954 239 1.0675245523452759
239 2645 1.0251027345657349
2645 239 1.0251027345657349
239 1685 1.1201236248016357
1685 239 1.1201236248016357
239 714 1.0361652374267578
714 239 1.0361652374267578
239 1346 1.144811987876892
1346 239 1.144811987876892
239 806 1.1095585823059082
806 239 1.1095585823059082
239 1585 1.187627911567688
1585 239 1.187627911567688
239 1064 1.0097434520721436
1064 239 1.0097434520721436
239 925 1.2646185159683228
925 239 1.2646185159683228
239 2975 1.1124807596206665
2975 239 1.1124807596206665
239 2247 1.0565118789672852
2247 239 1.0565118789672852
239 1717 1.0093721151351929
1717 239 1.0093721151351929
239 2012 1.0128328800201416
2012 239 1.0128328800201416
239 874 1.0582985877990723
874 239 1.0582985877990723
239 2376 1.1201740503311157
2376 239 1.1201740503311157
239 2973 1.1407240629196167
2973 239 1.1407240629196167
239 1989 1.106978178024292
1989 239 1.106978178024292
239 3030 1.1321276426315308
3030 239 1.1321276426315308
239 1328 1.2989208698272705
1328 239 1.2989208698272705
239 2356 1.0263919830322266
2356 239 1.0263919830322266
239 1482 1.1140098571777344
1482 239 1.1140098571777344
239 2363 1.1355817317962646
2363 239 1.1355817317962646
239 1515 1.1703288555145264
1515 239 1.1703288555145264
239 1386 1.0443719625473022
1386 239 1.0443719625473022
239 1226 1.1340034008026123
1226 239 1.1340034008026123
239 2873 1.0262582302093506
2873 239 1.0262582302093506
1658 2529 1.0282477140426636
2529 1658 1.0282477140426636
1658 3490 1.0637997388839722
3490 1658 1.0637997388839722
1658 2048 1.0514334440231323
2048 1658 1.0514334440231323
1658 1764 1.0349761247634888
1764 1658 1.0349761247634888
1658 2468 1.0082271099090576
2468 1658 1.0082271099090576
1658 2484 1.0232268571853638
2484 1658 1.0232268571853638
1658 2328 1.0321489572525024
2328 1658 1.0321489572525024
1658 3397 1.0127334594726562
3397 1658 1.0127334594726562
1658 2448 1.2359408140182495
2448 1658 1.2359408140182495
1658 2843 1.0312632322311401
2843 1658 1.0312632322311401
1658 2046 1.0152801275253296
2046 1658 1.0152801275253296
1658 3415 1.0559210777282715
3415 1658 1.0559210777282715
1658 2302 1.007622241973877
2302 1658 1.007622241973877
1658 2929 1.0244349241256714
2929 1658 1.0244349241256714
1658 2237 1.0271762609481812
2237 1658 1.0271762609481812
1658 1758 1.0539426803588867
1758 1658 1.0539426803588867
1658 3064 1.01104736328125
3064 1658 1.01104736328125
1658 1701 1.0624135732650757
1701 1658 1.0624135732650757
1658 2406 1.0293501615524292
2406 1658 1.0293501615524292
1658 1963 1.0551838874816895
1963 1658 1.0551838874816895
1658 2250 1.0199501514434814
2250 1658 1.0199501514434814
1658 2524 1.007651448249817
2524 1658 1.007651448249817
1658 3615 1.2536941766738892
3615 1658 1.2536941766738892
1658 2035 1.0041152238845825
2035 1658 1.0041152238845825
1658 3562 1.0752532482147217
3562 1658 1.0752532482147217
1658 3516 1.0229272842407227
3516 1658 1.0229272842407227
1658 2407 1.2015972137451172
2407 1658 1.2015972137451172
1658 3307 1.0108377933502197
3307 1658 1.0108377933502197
1658 2956 1.0109519958496094
2956 1658 1.0109519958496094
1658 3554 1.0263700485229492
3554 1658 1.0263700485229492
1658 2846 1.0564426183700562
2846 1658 1.0564426183700562
1658 1985 1.0562920570373535
1985 1658 1.0562920570373535
1658 3539 1.004233717918396
3539 1658 1.004233717918396
1658 1837 1.1826977729797363
1837 1658 1.1826977729797363
1658 2000 1.016491413116455
2000 1658 1.016491413116455
1658 2666 1.0502839088439941
2666 1658 1.0502839088439941
1658 3406 1.0085034370422363
3406 1658 1.0085034370422363
1658 2138 1.0134567022323608
2138 1658 1.0134567022323608
1658 2796 1.0197612047195435
2796 1658 1.0197612047195435
1658 2973 1.1332404613494873
2973 1658 1.1332404613494873
1658 2381 1.076797366142273
2381 1658 1.076797366142273
1658 1727 1.0059133768081665
1727 1658 1.0059133768081665
1658 3021 1.0771974325180054
3021 1658 1.0771974325180054
1658 3206 1.0178914070129395
3206 1658 1.0178914070129395
1658 2089 1.084814190864563
2089 1658 1.084814190864563
1658 2295 1.0178608894348145
2295 1658 1.0178608894348145
1658 2413 1.0746359825134277
2413 1658 1.0746359825134277
1658 2442 1.1100857257843018
2442 1658 1.1100857257843018
1658 2003 1.0181893110275269
2003 1658 1.0181893110275269
1658 3282 1.0607903003692627
3282 1658 1.0607903003692627
1658 3030 1.1914448738098145
3030 1658 1.1914448738098145
1658 2895 1.0259958505630493
2895 1658 1.0259958505630493
1658 3555 1.0555881261825562
3555 1658 1.0555881261825562
1658 2144 1.2468074560165405
2144 1658 1.2468074560165405
1658 1662 1.0135794878005981
1662 1658 1.0135794878005981
1658 1966 1.0898215770721436
1966 1658 1.0898215770721436
1658 1863 1.0127415657043457
1863 1658 1.0127415657043457
1658 1909 1.1058824062347412
1909 1658 1.1058824062347412
1658 3120 1.0154410600662231
3120 1658 1.0154410600662231
1658 2920 1.0161668062210083
2920 1658 1.0161668062210083
1658 2119 1.0174890756607056
2119 1658 1.0174890756607056
1658 2387 1.0075314044952393
2387 1658 1.0075314044952393
1658 3673 1.021445631980896
3673 1658 1.021445631980896
1658 2356 1.04092276096344
2356 1658 1.04092276096344
1658 2268 1.210988998413086
2268 1658 1.210988998413086
1658 3613 1.14650297164917
3613 1658 1.14650297164917
1658 2508 1.03450345993042
2508 1658 1.03450345993042
1658 3616 1.0083298683166504
3616 1658 1.0083298683166504
1658 2558 1.002537488937378
2558 1658 1.002537488937378
1658 3104 1.1128156185150146
3104 1658 1.1128156185150146
1658 2495 1.0747288465499878
2495 1658 1.0747288465499878
1658 3130 1.0034085512161255
3130 1658 1.0034085512161255
1658 2353 1.2188351154327393
2353 1658 1.2188351154327393
1658 2342 1.0303668975830078
2342 1658 1.0303668975830078
1658 1713 1.0216938257217407
1713 1658 1.0216938257217407
1658 2539 1.0414249897003174
2539 1658 1.0414249897003174
1658 2363 1.3144690990447998
2363 1658 1.3144690990447998
1658 3633 1.0119123458862305
3633 1658 1.0119123458862305
1658 3014 1.03794264793396
3014 1658 1.03794264793396
1658 1858 1.0182194709777832
1858 1658 1.0182194709777832
1658 3375 1.047658920288086
3375 1658 1.047658920288086
1658 2975 1.1046106815338135
2975 1658 1.1046106815338135
1658 2799 1.0765855312347412
2799 1658 1.0765855312347412
1658 3459 1.0439292192459106
3459 1658 1.0439292192459106
1658 1674 1.041999101638794
1674 1658 1.041999101638794
1658 3438 1.0144588947296143
3438 1658 1.0144588947296143
1658 1840 1.0236486196517944
1840 1658 1.0236486196517944
1658 3046 1.0218396186828613
3046 1658 1.0218396186828613
1658 2549 1.05807626247406
2549 1658 1.05807626247406
1658 2839 1.0823588371276855
2839 1658 1.0823588371276855
1658 3371 1.0568759441375732
3371 1658 1.0568759441375732
1658 2161 1.0115870237350464
2161 1658 1.0115870237350464
1658 3635 1.0201680660247803
3635 1658 1.0201680660247803
1658 2371 1.0142617225646973
2371 1658 1.0142617225646973
1658 2463 1.0753295421600342
2463 1658 1.0753295421600342
1658 2094 1.0327671766281128
2094 1658 1.0327671766281128
1658 2247 1.049959659576416
2247 1658 1.049959659576416
1658 1720 1.013350009918213
1720 1658 1.013350009918213
1658 3693 1.0157325267791748
3693 1658 1.0157325267791748
1658 1666 1.0236387252807617
1666 1658 1.0236387252807617
1658 2585 1.0409165620803833
2585 1658 1.0409165620803833
1658 3047 1.089793086051941
3047 1658 1.089793086051941
1658 2099 1.0254398584365845
2099 1658 1.0254398584365845
1658 1929 1.0169252157211304
1929 1658 1.0169252157211304
1490 2673 1.0700358152389526
2673 1490 1.0700358152389526
1490 1944 1.0679473876953125
1944 1490 1.0679473876953125
1265 3064 1.2622950077056885
3064 1265 1.2622950077056885
1265 1294 1.2253520488739014
1294 1265 1.2253520488739014
1265 1484 1.0035654306411743
1484 1265 1.0035654306411743
1265 3566 1.1290322542190552
3566 1265 1.1290322542190552
57 2023 1.2502127885818481
2023 57 1.2502127885818481
57 1799 1.1271018981933594
1799 57 1.1271018981933594
57 604 1.0272361040115356
604 57 1.0272361040115356
57 1271 1.0139267444610596
1271 57 1.0139267444610596
57 2685 1.0667085647583008
2685 57 1.0667085647583008
57 2759 1.0582191944122314
2759 57 1.0582191944122314
57 3153 1.0129071474075317
3153 57 1.0129071474075317
57 1566 1.0304327011108398
1566 57 1.0304327011108398
57 1031 1.0484095811843872
1031 57 1.0484095811843872
57 994 1.1587824821472168
994 57 1.1587824821472168
57 1758 1.0301274061203003
1758 57 1.0301274061203003
57 3171 1.0251414775848389
3171 57 1.0251414775848389
57 2713 1.0162957906723022
2713 57 1.0162957906723022
57 3062 1.0890339612960815
3062 57 1.0890339612960815
57 389 1.3329178094863892
389 57 1.3329178094863892
57 3329 1.0063856840133667
3329 57 1.0063856840133667
57 1391 1.0924787521362305
1391 57 1.0924787521362305
57 1890 1.0235931873321533
1890 57 1.0235931873321533
57 3681 1.055302381515503
3681 57 1.055302381515503
57 131 1.0578962564468384
131 57 1.0578962564468384
57 1125 1.006344199180603
1125 57 1.006344199180603
57 660 1.2337875366210938
660 57 1.2337875366210938
57 3177 1.099770426750183
3177 57 1.099770426750183
57 1083 1.0824934244155884
1083 57 1.0824934244155884
57 628 1.0131025314331055
628 57 1.0131025314331055
57 3587 1.0655254125595093
3587 57 1.0655254125595093
57 673 1.0127551555633545
673 57 1.0127551555633545
57 2467 1.043538212776184
2467 57 1.043538212776184
57 1497 1.0584065914154053
1497 57 1.0584065914154053
57 1139 1.2268626689910889
1139 57 1.2268626689910889
57 3496 1.142988920211792
3496 57 1.142988920211792
57 1909 1.0994824171066284
1909 57 1.0994824171066284
57 2474 1.0321699380874634
2474 57 1.0321699380874634
57 2783 1.001909613609314
2783 57 1.001909613609314
57 1603 1.2837382555007935
1603 57 1.2837382555007935
57 2441 1.1710526943206787
2441 57 1.1710526943206787
57 1415 1.0469263792037964
1415 57 1.0469263792037964
57 596 1.0496046543121338
596 57 1.0496046543121338
57 1716 1.1163434982299805
1716 57 1.1163434982299805
57 3104 1.15009605884552
3104 57 1.15009605884552
57 2353 1.2211625576019287
2353 57 1.2211625576019287
57 942 1.0589594841003418
942 57 1.0589594841003418
57 413 1.0325359106063843
413 57 1.0325359106063843
57 2876 1.2282593250274658
2876 57 1.2282593250274658
57 104 1.0287539958953857
104 57 1.0287539958953857
57 1162 1.1320281028747559
1162 57 1.1320281028747559
57 2334 1.1063677072525024
2334 57 1.1063677072525024
57 1372 1.0654544830322266
1372 57 1.0654544830322266
57 2277 1.0104938745498657
2277 57 1.0104938745498657
57 821 1.126846194267273
821 57 1.126846194267273
57 3015 1.021086573600769
3015 57 1.021086573600769
57 1737 1.0828754901885986
1737 57 1.0828754901885986
57 1461 1.0375373363494873
1461 57 1.0375373363494873
57 2585 1.0512419939041138
2585 57 1.0512419939041138
57 3574 1.0152478218078613
3574 57 1.0152478218078613
57 1274 1.0280299186706543
1274 57 1.0280299186706543
57 1624 1.261066198348999
1624 57 1.261066198348999
57 2866 1.1368060111999512
2866 57 1.1368060111999512
57 1874 1.0652931928634644
1874 57 1.0652931928634644
57 239 1.1323916912078857
239 57 1.1323916912078857
57 3004 1.0715076923370361
3004 57 1.0715076923370361
57 2544 1.0605881214141846
2544 57 1.0605881214141846
57 2929 1.0254460573196411
2929 57 1.0254460573196411
57 1414 1.0901379585266113
1414 57 1.0901379585266113
57 3542 1.0399140119552612
3542 57 1.0399140119552612
57 772 1.0849822759628296
772 57 1.0849822759628296
57 3694 1.0319855213165283
3694 57 1.0319855213165283
57 3551 1.0631104707717896
3551 57 1.0631104707717896
57 1375 1.0157862901687622
1375 57 1.0157862901687622
57 645 1.0466420650482178
645 57 1.0466420650482178
57 238 1.0272024869918823
238 57 1.0272024869918823
57 91 1.018244743347168
91 57 1.018244743347168
57 911 1.227461814880371
911 57 1.227461814880371
57 2348 1.0513123273849487
2348 57 1.0513123273849487
57 2794 1.0666207075119019
2794 57 1.0666207075119019
57 1847 1.0435125827789307
1847 57 1.0435125827789307
57 1484 1.2955743074417114
1484 57 1.2955743074417114
57 60 1.1756426095962524
60 57 1.1756426095962524
57 2577 1.0467979907989502
2577 57 1.0467979907989502
57 3205 1.1244609355926514
3205 57 1.1244609355926514
57 2160 1.0877046585083008
2160 57 1.0877046585083008
57 2553 1.0930794477462769
2553 57 1.0930794477462769
57 1658 1.210465431213379
1658 57 1.210465431213379
57 410 1.01785147190094
410 57 1.01785147190094
57 3282 1.058823585510254
3282 57 1.058823585510254
57 2294 1.0196638107299805
2294 57 1.0196638107299805
57 2380 1.0992947816848755
2380 57 1.0992947816848755
57 2174 1.0802593231201172
2174 57 1.0802593231201172
57 2594 1.1081700325012207
2594 57 1.1081700325012207
57 788 1.2036738395690918
788 57 1.2036738395690918
57 2244 1.0189963579177856
2244 57 1.0189963579177856
57 1105 1.087782859802246
1105 57 1.087782859802246
57 1564 1.010066032409668
1564 57 1.010066032409668
57 467 1.0688037872314453
467 57 1.0688037872314453
57 1086 1.0038424730300903
1086 57 1.0038424730300903
57 905 1.0712709426879883
905 57 1.0712709426879883
57 2535 1.0234822034835815
2535 57 1.0234822034835815
57 2169 1.0775045156478882
2169 57 1.0775045156478882
57 615 1.178494930267334
615 57 1.178494930267334
57 1081 1.0242773294448853
1081 57 1.0242773294448853
57 2075 1.028549313545227
2075 57 1.028549313545227
57 2319 1.007616639137268
2319 57 1.007616639137268
57 2799 1.058545470237732
2799 57 1.058545470237732
57 2889 1.0182018280029297
2889 57 1.0182018280029297
57 926 1.039271593093872
926 57 1.039271593093872
57 1846 1.0096076726913452
1846 57 1.0096076726913452
57 3704 1.0987845659255981
3704 57 1.0987845659255981
57 2940 1.0087172985076904
2940 57 1.0087172985076904
57 2891 1.0217918157577515
2891 57 1.0217918157577515
57 448 1.0969223976135254
448 57 1.0969223976135254
57 2514 1.1363695859909058
2514 57 1.1363695859909058
57 522 1.037781834602356
522 57 1.037781834602356
57 237 1.2482638359069824
237 57 1.2482638359069824
57 58 1.2345550060272217
58 57 1.2345550060272217
57 907 1.0889254808425903
907 57 1.0889254808425903
57 211 1.0562236309051514
211 57 1.0562236309051514
57 2787 1.078918695449829
2787 57 1.078918695449829
57 592 1.1121604442596436
592 57 1.1121604442596436
57 3325 1.1311107873916626
3325 57 1.1311107873916626
57 3499 1.0137392282485962
3499 57 1.0137392282485962
57 378 1.0930233001708984
378 57 1.0930233001708984
57 1055 1.2330834865570068
1055 57 1.2330834865570068
57 411 1.4143322706222534
411 57 1.4143322706222534
57 2358 1.235073447227478
2358 57 1.235073447227478
57 2589 1.104813814163208
2589 57 1.104813814163208
57 3106 1.1226190328598022
3106 57 1.1226190328598022
57 473 1.1560007333755493
473 57 1.1560007333755493
57 120 1.0288288593292236
120 57 1.0288288593292236
57 3292 1.0476481914520264
3292 57 1.0476481914520264
57 949 1.0158478021621704
949 57 1.0158478021621704
57 1864 1.013238787651062
1864 57 1.013238787651062
57 1701 1.0508859157562256
1701 57 1.0508859157562256
57 1753 1.0216975212097168
1753 57 1.0216975212097168
57 2355 1.05789315700531
2355 57 1.05789315700531
57 1942 1.0957881212234497
1942 57 1.0957881212234497
57 1524 1.0787824392318726
1524 57 1.0787824392318726
57 508 1.1044288873672485
508 57 1.1044288873672485
57 2006 1.1964949369430542
2006 57 1.1964949369430542
57 2793 1.0376659631729126
2793 57 1.0376659631729126
57 1824 1.11600923538208
1824 57 1.11600923538208
57 3365 1.126400351524353
3365 57 1.126400351524353
57 2407 1.1954270601272583
2407 57 1.1954270601272583
57 3436 1.1195528507232666
3436 57 1.1195528507232666
57 2165 1.0617796182632446
2165 57 1.0617796182632446
57 2066 1.037071943283081
2066 57 1.037071943283081
57 1078 1.2916781902313232
1078 57 1.2916781902313232
57 1837 1.3608568906784058
1837 57 1.3608568906784058
57 2789 1.088207721710205
2789 57 1.088207721710205
57 510 1.1545686721801758
510 57 1.1545686721801758
57 2039 1.0589540004730225
2039 57 1.0589540004730225
57 900 1.1291518211364746
900 57 1.1291518211364746
57 1355 1.387588620185852
1355 57 1.387588620185852
57 1005 1.1677148342132568
1005 57 1.1677148342132568
57 2659 1.0249320268630981
2659 57 1.0249320268630981
57 2849 1.2167363166809082
2849 57 1.2167363166809082
57 3565 1.0879732370376587
3565 57 1.0879732370376587
57 2455 1.0094220638275146
2455 57 1.0094220638275146
57 3229 1.0156103372573853
3229 57 1.0156103372573853
57 564 1.0676984786987305
564 57 1.0676984786987305
57 1508 1.0159871578216553
1508 57 1.0159871578216553
57 1202 1.0808767080307007
1202 57 1.0808767080307007
57 3582 1.028790831565857
3582 57 1.028790831565857
57 1111 1.0754942893981934
1111 57 1.0754942893981934
57 2947 1.0025546550750732
2947 57 1.0025546550750732
57 1029 1.0537575483322144
1029 57 1.0537575483322144
57 1685 1.1361197233200073
1685 57 1.1361197233200073
57 1346 1.3206952810287476
1346 57 1.3206952810287476
57 806 1.1715484857559204
806 57 1.1715484857559204
57 2377 1.105263113975525
2377 57 1.105263113975525
57 2055 1.0100914239883423
2055 57 1.0100914239883423
57 2014 1.0138955116271973
2014 57 1.0138955116271973
57 1448 1.0113224983215332
1448 57 1.0113224983215332
57 1936 1.1731765270233154
1936 57 1.1731765270233154
57 1972 1.02946138381958
1972 57 1.02946138381958
57 1958 1.0227657556533813
1958 57 1.0227657556533813
57 317 1.1607859134674072
317 57 1.1607859134674072
57 687 1.0609557628631592
687 57 1.0609557628631592
57 1747 1.1527405977249146
1747 57 1.1527405977249146
57 925 1.246811032295227
925 57 1.246811032295227
57 1101 1.0364797115325928
1101 57 1.0364797115325928
57 1185 1.298969030380249
1185 57 1.298969030380249
57 3246 1.0070186853408813
3246 57 1.0070186853408813
57 195 1.0632342100143433
195 57 1.0632342100143433
57 2612 1.0722204446792603
2612 57 1.0722204446792603
57 193 1.031304955482483
193 57 1.031304955482483
57 2679 1.0500435829162598
2679 57 1.0500435829162598
57 1805 1.1064850091934204
1805 57 1.1064850091934204
57 1212 1.0545990467071533
1212 57 1.0545990467071533
57 2732 1.0885745286941528
2732 57 1.0885745286941528
57 3314 1.0031877756118774
3314 57 1.0031877756118774
57 1543 1.100622296333313
1543 57 1.100622296333313
57 2686 1.1844686269760132
2686 57 1.1844686269760132
57 2448 1.395324468612671
2448 57 1.395324468612671
57 1855 1.0434043407440186
1855 57 1.0434043407440186
57 1399 1.1838394403457642
1399 57 1.1838394403457642
57 470 1.0458688735961914
470 57 1.0458688735961914
57 129 1.0012813806533813
129 57 1.0012813806533813
57 2312 1.0523666143417358
2312 57 1.0523666143417358
57 3142 1.305035948753357
3142 57 1.305035948753357
57 2640 1.1112160682678223
2640 57 1.1112160682678223
57 794 1.071306824684143
794 57 1.071306824684143
57 443 1.1657087802886963
443 57 1.1657087802886963
57 3353 1.0529677867889404
3353 57 1.0529677867889404
57 675 1.0701655149459839
675 57 1.0701655149459839
57 2078 1.1052318811416626
2078 57 1.1052318811416626
57 1538 1.192250370979309
1538 57 1.192250370979309
57 2910 1.0254499912261963
2910 57 1.0254499912261963
57 2359 1.0335357189178467
2359 57 1.0335357189178467
57 3024 1.0133192539215088
3024 57 1.0133192539215088
57 2973 1.1415122747421265
2973 57 1.1415122747421265
57 846 1.2469135522842407
846 57 1.2469135522842407
57 1664 1.0119253396987915
1664 57 1.0119253396987915
57 2251 1.0243902206420898
2251 57 1.0243902206420898
57 2337 1.1407430171966553
2337 57 1.1407430171966553
57 2413 1.1053677797317505
2413 57 1.1053677797317505
57 1851 1.1828571557998657
1851 57 1.1828571557998657
57 3479 1.0482430458068848
3479 57 1.0482430458068848
57 3030 1.3078086376190186
3030 57 1.3078086376190186
57 262 1.1110162734985352
262 57 1.1110162734985352
57 127 1.127842664718628
127 57 1.127842664718628
57 708 1.233649730682373
708 57 1.233649730682373
57 1575 1.0781779289245605
1575 57 1.0781779289245605
57 67 1.1918959617614746
67 57 1.1918959617614746
57 2032 1.0230350494384766
2032 57 1.0230350494384766
57 1328 1.3255527019500732
1328 57 1.3255527019500732
57 1900 1.0839922428131104
1900 57 1.0839922428131104
57 1705 1.0987093448638916
1705 57 1.0987093448638916
57 2769 1.017575740814209
2769 57 1.017575740814209
57 1555 1.0157257318496704
1555 57 1.0157257318496704
57 746 1.1463820934295654
746 57 1.1463820934295654
57 1063 1.0948249101638794
1063 57 1.0948249101638794
57 3065 1.0785703659057617
3065 57 1.0785703659057617
57 1482 1.1619923114776611
1482 57 1.1619923114776611
57 1623 1.0076202154159546
1623 57 1.0076202154159546
57 422 1.0644670724868774
422 57 1.0644670724868774
57 3196 1.1050207614898682
3196 57 1.1050207614898682
57 2363 1.360265851020813
2363 57 1.360265851020813
57 2118 1.0744681358337402
2118 57 1.0744681358337402
57 2218 1.015255093574524
2218 57 1.015255093574524
57 1381 1.0829468965530396
1381 57 1.0829468965530396
57 87 1.0050712823867798
87 57 1.0050712823867798
57 2159 1.0221028327941895
2159 57 1.0221028327941895
57 3596 1.037274718284607
3596 57 1.037274718284607
57 2989 1.0954298973083496
2989 57 1.0954298973083496
57 2401 1.0012824535369873
2401 57 1.0012824535369873
57 1925 1.0108400583267212
1925 57 1.0108400583267212
57 887 1.0898592472076416
887 57 1.0898592472076416
57 3176 1.0771764516830444
3176 57 1.0771764516830444
57 2839 1.26676344871521
2839 57 1.26676344871521
57 1982 1.0542330741882324
1982 57 1.0542330741882324
57 2480 1.029776692390442
2480 57 1.029776692390442
57 1359 1.1358368396759033
1359 57 1.1358368396759033
57 1226 1.217535138130188
1226 57 1.217535138130188
57 2682 1.19724702835083
2682 57 1.19724702835083
57 281 1.2445192337036133
281 57 1.2445192337036133
3604 3662 1.0072529315948486
3662 3604 1.0072529315948486
3604 3615 1.0138587951660156
3615 3604 1.0138587951660156
1139 2228 1.0164778232574463
2228 1139 1.0164778232574463
1139 2587 1.2197297811508179
2587 1139 1.2197297811508179
1139 3211 1.0236546993255615
3211 1139 1.0236546993255615
1139 1944 1.101515293121338
1944 1139 1.101515293121338
1139 1391 1.050811529159546
1391 1139 1.050811529159546
1139 3692 1.2853782176971436
3692 1139 1.2853782176971436
1139 1966 1.0127679109573364
1966 1139 1.0127679109573364
1139 1603 1.1209982633590698
1603 1139 1.1209982633590698
1139 1580 1.0201834440231323
1580 1139 1.0201834440231323
1139 2475 1.0101903676986694
2475 1139 1.0101903676986694
1139 3104 1.1126538515090942
3104 1139 1.1126538515090942
1139 2353 1.3268660306930542
2353 1139 1.3268660306930542
1139 2284 1.0485875606536865
2284 1139 1.0485875606536865
1139 3138 1.037094235420227
3138 1139 1.037094235420227
1139 3087 1.0043457746505737
3087 1139 1.0043457746505737
1139 3615 1.0726089477539062
3615 1139 1.0726089477539062
1139 2360 1.0130952596664429
2360 1139 1.0130952596664429
1139 2806 1.0894187688827515
2806 1139 1.0894187688827515
1139 1484 1.1927404403686523
1484 1139 1.1927404403686523
1139 1658 1.1521637439727783
1658 1139 1.1521637439727783
1139 2380 1.1446654796600342
2380 1139 1.1446654796600342
1139 1337 1.1669024229049683
1337 1139 1.1669024229049683
1139 1150 1.100257396697998
1150 1139 1.100257396697998
1139 2268 1.0721781253814697
2268 1139 1.0721781253814697
1139 2799 1.044957160949707
2799 1139 1.044957160949707
1139 3540 1.1111111640930176
3540 1139 1.1111111640930176
1139 3704 1.0733484029769897
3704 1139 1.0733484029769897
1139 3325 1.0904046297073364
3325 1139 1.0904046297073364
1139 2429 1.042093276977539
2429 1139 1.042093276977539
1139 1792 1.0458303689956665
1792 1139 1.0458303689956665
1139 1701 1.0352423191070557
1701 1139 1.0352423191070557
1139 3365 1.095130205154419
3365 1139 1.095130205154419
1139 2407 1.1064587831497192
2407 1139 1.1064587831497192
1139 3436 1.0890861749649048
3436 1139 1.0890861749649048
1139 2227 1.0573400259017944
2227 1139 1.0573400259017944
1139 1985 1.036752462387085
1985 1139 1.036752462387085
1139 1837 1.1513981819152832
1837 1139 1.1513981819152832
1139 3058 1.0822595357894897
3058 1139 1.0822595357894897
1139 1355 1.1641654968261719
1355 1139 1.1641654968261719
1139 2849 1.1386017799377441
2849 1139 1.1386017799377441
1139 3565 1.2562217712402344
3565 1139 1.2562217712402344
1139 1965 1.0505050420761108
1965 1139 1.0505050420761108
1139 2144 1.1166903972625732
2144 1139 1.1166903972625732
1139 3630 1.021466851234436
3630 1139 1.021466851234436
1139 1480 1.0048025846481323
1480 1139 1.0048025846481323
1139 2645 1.0667495727539062
2645 1139 1.0667495727539062
1139 1346 1.1423604488372803
1346 1139 1.1423604488372803
1139 1936 1.0834648609161377
1936 1139 1.0834648609161377
1139 1972 1.0220544338226318
1972 1139 1.0220544338226318
1139 2562 1.0338337421417236
2562 1139 1.0338337421417236
1139 1185 1.140723466873169
1185 1139 1.140723466873169
1139 2975 1.1893986463546753
2975 1139 1.1893986463546753
1139 2536 1.0155549049377441
2536 1139 1.0155549049377441
1139 2247 1.0232316255569458
2247 1139 1.0232316255569458
1139 1261 1.0445321798324585
1261 1139 1.0445321798324585
1139 2860 1.116538643836975
2860 1139 1.116538643836975
1139 2686 1.1192189455032349
2686 1139 1.1192189455032349
1139 1855 1.0320937633514404
1855 1139 1.0320937633514404
1139 1399 1.1291334629058838
1399 1139 1.1291334629058838
1139 1636 1.0729990005493164
1636 1139 1.0729990005493164
1139 2312 1.0425233840942383
2312 1139 1.0425233840942383
1139 2640 1.1188433170318604
2640 1139 1.1188433170318604
1139 1538 1.1327741146087646
1538 1139 1.1327741146087646
1139 3128 1.0071845054626465
3128 1139 1.0071845054626465
1139 2206 1.0284149646759033
2206 1139 1.0284149646759033
1139 2092 1.0194175243377686
2092 1139 1.0194175243377686
1139 2973 1.0770853757858276
2973 1139 1.0770853757858276
1139 2790 1.007911205291748
2790 1139 1.007911205291748
1139 1256 1.0195330381393433
1256 1139 1.0195330381393433
1139 3030 1.1939976215362549
3030 1139 1.1939976215362549
1139 2421 1.0321192741394043
2421 1139 1.0321192741394043
1139 2918 1.0919675827026367
2918 1139 1.0919675827026367
1139 1482 1.118441104888916
1482 1139 1.118441104888916
1139 2363 1.1859849691390991
2363 1139 1.1859849691390991
1139 2839 1.1639201641082764
2839 1139 1.1639201641082764
1139 1386 1.0852748155593872
1386 1139 1.0852748155593872
1139 2480 1.056483507156372
2480 1139 1.056483507156372
1139 3552 1.174438238143921
3552 1139 1.174438238143921
1139 1359 1.0888266563415527
1359 1139 1.0888266563415527
1139 1226 1.1072205305099487
1226 1139 1.1072205305099487
1562 1683 1.6136986017227173
1683 1562 1.6136986017227173
1562 2444 1.5629630088806152
2444 1562 1.5629630088806152
1562 1920 1.3780487775802612
1920 1562 1.3780487775802612
1562 2600 1.39130437374115
2600 1562 1.39130437374115
1562 3627 1.5561497211456299
3627 1562 1.5561497211456299
1562 1789 1.436363697052002
1789 1562 1.436363697052002
1562 2170 1.3310344219207764
2170 1562 1.3310344219207764
1562 2832 1.5739130973815918
2832 1562 1.5739130973815918
1562 3529 1.345047950744629
3529 1562 1.345047950744629
1562 1900 1.0958904027938843
1900 1562 1.0958904027938843
1562 1800 1.50632905960083
1800 1562 1.50632905960083
1562 2132 1.7655502557754517
2132 1562 1.7655502557754517
1562 3253 1.469525933265686
3253 1562 1.469525933265686
1562 1565 1.1846153736114502
1565 1562 1.1846153736114502
1562 3001 1.04347825050354
3001 1562 1.04347825050354
1562 3563 1.4736841917037964
3563 1562 1.4736841917037964
1562 2301 1.1297297477722168
2301 1562 1.1297297477722168
1562 3285 1.3870967626571655
3285 1562 1.3870967626571655
1562 3124 1.3141361474990845
3124 1562 1.3141361474990845
1562 1909 1.17982017993927
1909 1562 1.17982017993927
1562 2834 1.307692289352417
2834 1562 1.307692289352417
1562 2494 1.0019084215164185
2494 1562 1.0019084215164185
1562 3411 1.5898617506027222
3411 1562 1.5898617506027222
1562 1897 1.5094850063323975
1897 1562 1.5094850063323975
1562 3717 1.4402515888214111
3717 1562 1.4402515888214111
1562 3041 1.1913237571716309
3041 1562 1.1913237571716309
3047 3677 1.1414141654968262
3677 3047 1.1414141654968262
3047 3496 1.0552659034729004
3496 3047 1.0552659034729004
3047 3106 1.1873215436935425
3106 3047 1.1873215436935425
3047 3668 1.023931622505188
3668 3047 1.023931622505188
3047 3173 1.0468227863311768
3173 3047 1.0468227863311768
3047 3169 1.13216233253479
3169 3047 1.13216233253479
3047 3691 1.0655226707458496
3691 3047 1.0655226707458496
551 1047 1.1468428373336792
1047 551 1.1468428373336792
551 3195 1.0485830307006836
3195 551 1.0485830307006836
551 727 1.040030837059021
727 551 1.040030837059021
551 701 1.1852631568908691
701 551 1.1852631568908691
551 2668 1.0557491779327393
2668 551 1.0557491779327393
551 591 1.1095890998840332
591 551 1.1095890998840332
551 3697 1.1075098514556885
3697 551 1.1075098514556885
551 1730 1.128000020980835
1730 551 1.128000020980835
551 2700 1.1092896461486816
2700 551 1.1092896461486816
551 3600 1.1088435649871826
3600 551 1.1088435649871826
551 2012 1.276497721672058
2012 551 1.276497721672058
551 1278 1.0474649667739868
1278 551 1.0474649667739868
551 1603 1.0201200246810913
1603 551 1.0201200246810913
551 3683 1.127303123474121
3683 551 1.127303123474121
551 617 1.1642512083053589
617 551 1.1642512083053589
551 1355 1.040473222732544
1355 551 1.040473222732544
551 2871 1.083769679069519
2871 551 1.083769679069519
551 2357 1.1834214925765991
2357 551 1.1834214925765991
551 660 1.0620020627975464
660 551 1.0620020627975464
551 2658 1.073770523071289
2658 551 1.073770523071289
551 3711 1.1170731782913208
3711 551 1.1170731782913208
551 3615 1.0292540788650513
3615 551 1.0292540788650513
551 1781 1.0792951583862305
1781 551 1.0792951583862305
551 2352 1.3821656703948975
2352 551 1.3821656703948975
551 1226 1.0958936214447021
1226 551 1.0958936214447021
551 733 1.062827229499817
733 551 1.062827229499817
551 1956 1.1001472473144531
1956 551 1.1001472473144531
551 1167 1.0952380895614624
1167 551 1.0952380895614624
551 628 1.1436673402786255
628 551 1.1436673402786255
551 3059 1.079734206199646
3059 551 1.079734206199646
551 1324 1.1862528324127197
1324 551 1.1862528324127197
551 3678 1.2051281929016113
3678 551 1.2051281929016113
551 1154 1.071082353591919
1154 551 1.071082353591919
551 2363 1.0398956537246704
2363 551 1.0398956537246704
551 1055 1.0578395128250122
1055 551 1.0578395128250122
551 2550 1.1825095415115356
2550 551 1.1825095415115356
1746 2143 1.106870174407959
2143 1746 1.106870174407959
1746 2973 1.0720562934875488
2973 1746 1.0720562934875488
1746 3030 1.0548148155212402
3030 1746 1.0548148155212402
1824 3618 1.0757726430892944
3618 1824 1.0757726430892944
1824 1930 1.05807626247406
1930 1824 1.05807626247406
1824 1837 1.0828821659088135
1837 1824 1.0828821659088135
1824 2839 1.0578420162200928
2839 1824 1.0578420162200928
1824 2359 1.0352201461791992
2359 1824 1.0352201461791992
1824 3651 1.058319091796875
3651 1824 1.058319091796875
1824 2679 1.0848875045776367
2679 1824 1.0848875045776367
1824 3584 1.0078431367874146
3584 1824 1.0078431367874146
1824 2281 1.1210918426513672
2281 1824 1.1210918426513672
1824 3499 1.0499039888381958
3499 1824 1.0499039888381958
1824 2449 1.1189801692962646
2449 1824 1.1189801692962646
1824 3142 1.0720467567443848
3142 1824 1.0720467567443848
2811 3489 1.3809523582458496
3489 2811 1.3809523582458496
2811 3654 1.1751824617385864
3654 2811 1.1751824617385864
2811 2891 1.208695650100708
2891 2811 1.208695650100708
2216 2729 1.0115941762924194
2729 2216 1.0115941762924194
500 2013 1.0661654472351074
2013 500 1.0661654472351074
500 2645 1.1295274496078491
2645 500 1.1295274496078491
500 1312 1.1793973445892334
1312 500 1.1793973445892334
500 2299 1.0969351530075073
2299 500 1.0969351530075073
500 881 1.12702214717865
881 500 1.12702214717865
500 2448 1.1496011018753052
2448 500 1.1496011018753052
500 2839 1.1065900325775146
2839 500 1.1065900325775146
500 1328 1.108698844909668
1328 500 1.108698844909668
500 1151 1.129612922668457
1151 500 1.129612922668457
500 1603 1.0735604763031006
1603 500 1.0735604763031006
500 2566 1.152886152267456
2566 500 1.152886152267456
500 2993 1.1198346614837646
2993 500 1.1198346614837646
500 3294 1.1066176891326904
