2 944 1.7675063610076904
944 2 1.7675063610076904
7 2860 2.054297924041748
2860 7 2.054297924041748
11 3518 1.6688623428344727
3518 11 1.6688623428344727
11 1461 1.8207236528396606
1461 11 1.8207236528396606
11 660 1.8285903930664062
660 11 1.8285903930664062
11 13 2.1125595569610596
13 11 2.1125595569610596
13 2965 1.6821563243865967
2965 13 1.6821563243865967
13 660 1.6868762969970703
660 13 1.6868762969970703
18 1461 1.793567180633545
1461 18 1.793567180633545
24 2281 1.6644177436828613
2281 24 1.6644177436828613
25 2023 1.7085516452789307
2023 25 1.7085516452789307
30 3471 1.6690714359283447
3471 30 1.6690714359283447
30 3104 1.9307043552398682
3104 30 1.9307043552398682
30 3456 1.8329863548278809
3456 30 1.8329863548278809
30 1728 1.5636544227600098
1728 30 1.5636544227600098
30 1106 1.583052635192871
1106 30 1.583052635192871
30 3690 2.078087091445923
3690 30 2.078087091445923
30 3152 1.5072908401489258
3152 30 1.5072908401489258
30 2973 1.8178527355194092
2973 30 1.8178527355194092
30 2774 1.7798916101455688
2774 30 1.7798916101455688
30 2772 1.8505901098251343
2772 30 1.8505901098251343
30 2527 1.6403086185455322
2527 30 1.6403086185455322
30 2520 1.9567322731018066
2520 30 1.9567322731018066
30 1961 1.5648653507232666
1961 30 1.5648653507232666
30 1917 1.792618989944458
1917 30 1.792618989944458
30 1876 1.4320812225341797
1876 30 1.4320812225341797
30 1838 1.4436132907867432
1838 30 1.4436132907867432
30 1182 1.744262456893921
1182 30 1.744262456893921
30 687 1.8500902652740479
687 30 1.8500902652740479
30 379 1.7907323837280273
379 30 1.7907323837280273
44 135 1.964300513267517
135 44 1.964300513267517
44 2721 1.6805781126022339
2721 44 1.6805781126022339
44 389 1.4640744924545288
389 44 1.4640744924545288
44 161 1.918077826499939
161 44 1.918077826499939
44 1660 1.9107694625854492
1660 44 1.9107694625854492
44 1195 2.136788845062256
1195 44 2.136788845062256
57 2023 1.723049283027649
2023 57 1.723049283027649
57 60 2.092343330383301
60 57 2.092343330383301
60 3205 1.6406861543655396
3205 60 1.6406861543655396
60 1111 1.8386026620864868
1111 60 1.8386026620864868
60 2612 1.5356230735778809
2612 60 1.5356230735778809
60 1747 1.8309133052825928
1747 60 1.8309133052825928
60 905 1.6478406190872192
905 60 1.6478406190872192
60 2589 1.6196472644805908
2589 60 1.6196472644805908
60 1753 1.7099828720092773
1753 60 1.7099828720092773
60 2174 1.6285226345062256
2174 60 1.6285226345062256
60 900 1.6328182220458984
900 60 1.6328182220458984
60 2789 1.7120840549468994
2789 60 1.7120840549468994
60 1202 1.9027042388916016
1202 60 1.9027042388916016
60 1005 1.7090768814086914
1005 60 1.7090768814086914
60 1667 1.714935302734375
1667 60 1.714935302734375
60 3004 1.8469583988189697
3004 60 1.8469583988189697
60 1716 1.7890170812606812
1716 60 1.7890170812606812
60 2989 1.6074297428131104
2989 60 1.6074297428131104
60 127 1.7535679340362549
127 60 1.7535679340362549
60 3147 1.697824478149414
3147 60 1.697824478149414
60 335 1.6060775518417358
335 60 1.6060775518417358
60 2682 1.8277307748794556
2682 60 1.8277307748794556
60 2577 1.6633561849594116
2577 60 1.6633561849594116
60 2023 2.2414112091064453
2023 60 2.2414112091064453
60 1805 2.012995719909668
1805 60 2.012995719909668
60 411 1.8913004398345947
411 60 1.8913004398345947
64 2144 1.5492615699768066
2144 64 1.5492615699768066
64 2727 1.942000150680542
2727 64 1.942000150680542
64 714 1.6612553596496582
714 64 1.6612553596496582
74 2564 1.5011792182922363
2564 74 1.5011792182922363
74 660 1.7418625354766846
660 74 1.7418625354766846
74 236 1.6749837398529053
236 74 1.6749837398529053
74 976 1.7762281894683838
976 74 1.7762281894683838
74 1461 1.576300024986267
1461 74 1.576300024986267
74 3697 1.518951654434204
3697 74 1.518951654434204
74 3518 1.6230238676071167
3518 74 1.6230238676071167
84 2281 1.3872541189193726
2281 84 1.3872541189193726
92 714 1.6231944561004639
714 92 1.6231944561004639
92 1369 2.235304355621338
1369 92 2.235304355621338
105 2575 1.8402631282806396
2575 105 1.8402631282806396
105 2569 2.0308122634887695
2569 105 2.0308122634887695
105 2144 1.6360421180725098
2144 105 1.6360421180725098
105 2268 1.6107392311096191
2268 105 1.6107392311096191
105 1208 1.7969141006469727
1208 105 1.7969141006469727
105 375 2.051727294921875
375 105 2.051727294921875
105 441 2.2598490715026855
441 105 2.2598490715026855
105 392 1.709369421005249
392 105 1.709369421005249
122 3152 1.7667332887649536
3152 122 1.7667332887649536
126 687 1.8821953535079956
687 126 1.8821953535079956
127 3147 1.6257710456848145
3147 127 1.6257710456848145
131 2965 1.7455576658248901
2965 131 1.7455576658248901
131 795 1.7637754678726196
795 131 1.7637754678726196
131 3518 1.5322304964065552
3518 131 1.5322304964065552
131 2882 1.848421573638916
2882 131 1.848421573638916
131 660 2.1159541606903076
660 131 2.1159541606903076
135 2402 1.6253471374511719
2402 135 1.6253471374511719
135 2677 2.205357789993286
2677 135 2.205357789993286
135 2609 1.8720557689666748
2609 135 1.8720557689666748
135 3190 2.156482696533203
3190 135 2.156482696533203
135 389 1.8867944478988647
389 135 1.8867944478988647
135 2594 1.9022763967514038
2594 135 1.9022763967514038
135 161 1.8564610481262207
161 135 1.8564610481262207
135 1195 2.055257558822632
1195 135 2.055257558822632
135 3654 2.0281031131744385
3654 135 2.0281031131744385
135 2721 2.4204068183898926
2721 135 2.4204068183898926
135 2469 1.937422752380371
2469 135 1.937422752380371
135 2361 1.9161629676818848
2361 135 1.9161629676818848
135 1660 2.503480911254883
1660 135 2.503480911254883
135 968 2.3842825889587402
968 135 2.3842825889587402
141 2268 1.7451272010803223
2268 141 1.7451272010803223
158 2281 1.6884911060333252
2281 158 1.6884911060333252
158 788 1.96201491355896
788 158 1.96201491355896
159 2263 2.497148036956787
2263 159 2.497148036956787
159 2596 1.9899232387542725
2596 159 1.9899232387542725
161 1299 1.670606255531311
1299 161 1.670606255531311
161 968 1.7410285472869873
968 161 1.7410285472869873
161 3684 1.8971000909805298
3684 161 1.8971000909805298
161 2594 1.6442699432373047
2594 161 1.6442699432373047
161 2402 1.6898620128631592
2402 161 1.6898620128631592
161 389 1.7140343189239502
389 161 1.7140343189239502
187 2444 1.8897290229797363
2444 187 1.8897290229797363
187 2492 2.364164352416992
2492 187 2.364164352416992
187 215 2.0186500549316406
215 187 2.0186500549316406
215 3170 1.9768157005310059
3170 215 1.9768157005310059
215 3334 1.6789735555648804
3334 215 1.6789735555648804
215 1439 1.7695120573043823
1439 215 1.7695120573043823
215 654 2.2738564014434814
654 215 2.2738564014434814
215 480 1.967752456665039
480 215 1.967752456665039
215 2943 1.8345184326171875
2943 215 1.8345184326171875
215 2834 1.595025897026062
2834 215 1.595025897026062
215 2814 2.000387668609619
2814 215 2.000387668609619
215 3712 2.651418924331665
3712 215 2.651418924331665
215 3563 1.6608433723449707
3563 215 1.6608433723449707
215 3529 1.724211573600769
3529 215 1.724211573600769
215 3168 1.9083523750305176
3168 215 1.9083523750305176
215 2832 1.9993324279785156
2832 215 1.9993324279785156
215 2444 2.0671658515930176
2444 215 2.0671658515930176
215 1909 2.1609063148498535
1909 215 2.1609063148498535
215 1569 2.279357433319092
1569 215 2.279357433319092
215 296 2.0761542320251465
296 215 2.0761542320251465
215 3253 2.263957977294922
3253 215 2.263957977294922
215 2492 2.6115097999572754
2492 215 2.6115097999572754
215 783 1.9767298698425293
783 215 1.9767298698425293
219 2402 1.545290470123291
2402 219 1.545290470123291
219 3684 1.9401466846466064
3684 219 1.9401466846466064
219 1260 2.4999241828918457
1260 219 2.4999241828918457
219 2361 1.847351312637329
2361 219 1.847351312637329
219 389 1.8280603885650635
389 219 1.8280603885650635
219 2594 1.9774101972579956
2594 219 1.9774101972579956
219 2363 2.104999542236328
2363 219 2.104999542236328
219 968 2.323084592819214
968 219 2.323084592819214
220 2814 2.027993679046631
2814 220 2.027993679046631
227 1838 1.5809329748153687
1838 227 1.5809329748153687
236 660 2.040341377258301
660 236 2.040341377258301
236 3149 2.210958242416382
3149 236 2.210958242416382
236 2882 1.9563627243041992
2882 236 1.9563627243041992
236 1461 1.695951223373413
1461 236 1.695951223373413
236 795 1.9302010536193848
795 236 1.9302010536193848
240 1544 1.7495534420013428
1544 240 1.7495534420013428
240 2281 1.6738946437835693
2281 240 1.6738946437835693
240 2852 1.683976173400879
2852 240 1.683976173400879
240 2839 1.7836894989013672
2839 240 1.7836894989013672
240 788 2.2318115234375
788 240 2.2318115234375
240 416 1.9146783351898193
416 240 1.9146783351898193
281 982 1.8440797328948975
982 281 1.8440797328948975
296 3285 1.7998543977737427
3285 296 1.7998543977737427
296 3327 1.7804601192474365
3327 296 1.7804601192474365
296 480 2.1840438842773438
480 296 2.1840438842773438
296 654 2.2209224700927734
654 296 2.2209224700927734
296 2814 2.0053913593292236
2814 296 2.0053913593292236
296 3712 2.203845739364624
3712 296 2.203845739364624
296 3529 1.9594171047210693
3529 296 1.9594171047210693
296 3168 2.1769871711730957
3168 296 2.1769871711730957
296 2832 2.8130569458007812
2832 296 2.8130569458007812
296 2492 2.3814563751220703
2492 296 2.3814563751220703
296 2444 2.1157193183898926
2444 296 2.1157193183898926
296 1920 2.052269697189331
1920 296 2.052269697189331
296 1909 1.9022576808929443
1909 296 1.9022576808929443
312 1544 1.5943796634674072
1544 312 1.5943796634674072
312 2281 1.6292266845703125
2281 312 1.6292266845703125
312 1967 1.918986439704895
1967 312 1.918986439704895
312 2330 1.7260267734527588
2330 312 1.7260267734527588
312 2852 1.9425710439682007
2852 312 1.9425710439682007
312 2839 1.5987539291381836
2839 312 1.5987539291381836
312 1837 2.1311001777648926
1837 312 2.1311001777648926
312 788 1.8199834823608398
788 312 1.8199834823608398
312 416 1.6775916814804077
416 312 1.6775916814804077
315 2281 1.5990207195281982
2281 315 1.5990207195281982
318 1972 2.2407827377319336
1972 318 2.2407827377319336
318 3518 1.8574888706207275
3518 318 1.8574888706207275
322 449 2.3664910793304443
449 322 2.3664910793304443
322 1165 3.071725606918335
1165 322 3.071725606918335
328 2144 1.6230859756469727
2144 328 1.6230859756469727
335 411 1.5163273811340332
411 335 1.5163273811340332
335 3147 1.9643419981002808
3147 335 1.9643419981002808
348 443 1.8660260438919067
443 348 1.8660260438919067
349 2268 1.6449272632598877
2268 349 1.6449272632598877
349 2144 1.4098708629608154
2144 349 1.4098708629608154
351 3619 3.108097791671753
3619 351 3.108097791671753
352 714 1.5801491737365723
714 352 1.5801491737365723
352 1369 2.219301700592041
1369 352 2.219301700592041
375 441 2.009462833404541
441 375 2.009462833404541
375 392 1.6854019165039062
392 375 1.6854019165039062
375 2144 1.3102306127548218
2144 375 1.3102306127548218
375 1208 2.016913414001465
1208 375 2.016913414001465
375 2268 1.9015860557556152
2268 375 1.9015860557556152
379 3471 1.8363804817199707
3471 379 1.8363804817199707
379 3456 1.6502971649169922
3456 379 1.6502971649169922
379 1106 1.3672716617584229
1106 379 1.3672716617584229
379 2973 1.6422345638275146
2973 379 1.6422345638275146
379 2772 1.7708253860473633
2772 379 1.7708253860473633
379 2230 2.0199570655822754
2230 379 2.0199570655822754
379 1961 1.7717291116714478
1961 379 1.7717291116714478
379 1917 1.9818990230560303
1917 379 1.9818990230560303
379 1838 1.3993217945098877
1838 379 1.3993217945098877
379 687 1.5128881931304932
687 379 1.5128881931304932
389 2594 1.7341123819351196
2594 389 1.7341123819351196
389 2469 1.8294340372085571
2469 389 1.8294340372085571
389 2363 1.930513620376587
2363 389 1.930513620376587
389 2746 1.7047333717346191
2746 389 1.7047333717346191
389 2609 1.7993359565734863
2609 389 1.7993359565734863
389 2709 1.722792625427246
2709 389 1.722792625427246
389 3654 1.8384602069854736
3654 389 1.8384602069854736
389 1174 1.8081011772155762
1174 389 1.8081011772155762
389 968 1.981197476387024
968 389 1.981197476387024
389 2721 1.723769187927246
2721 389 1.723769187927246
389 1195 1.9117642641067505
1195 389 1.9117642641067505
389 2361 2.1821980476379395
2361 389 2.1821980476379395
389 2402 1.7169182300567627
2402 389 1.7169182300567627
389 3190 2.0268936157226562
3190 389 2.0268936157226562
389 2816 1.8513447046279907
2816 389 1.8513447046279907
389 2677 1.6556477546691895
2677 389 1.6556477546691895
389 2434 1.7382607460021973
2434 389 1.7382607460021973
389 2186 1.9596912860870361
2186 389 1.9596912860870361
389 1710 1.6567167043685913
1710 389 1.6567167043685913
389 1660 1.8689134120941162
1660 389 1.8689134120941162
392 2569 1.9555968046188354
2569 392 1.9555968046188354
392 3207 2.4357399940490723
3207 392 2.4357399940490723
392 2268 1.551327109336853
2268 392 1.551327109336853
392 1208 1.5795749425888062
1208 392 1.5795749425888062
392 2907 1.6427192687988281
2907 392 1.6427192687988281
392 2575 1.79823637008667
2575 392 1.79823637008667
392 441 1.9397032260894775
441 392 1.9397032260894775
392 2144 1.5390783548355103
2144 392 1.5390783548355103
392 1757 2.7511539459228516
1757 392 2.7511539459228516
401 3313 1.9495888948440552
3313 401 1.9495888948440552
401 3526 1.9329051971435547
3526 401 1.9329051971435547
401 1972 1.6836873292922974
1972 401 1.6836873292922974
401 1461 1.5543162822723389
1461 401 1.5543162822723389
401 2965 1.884390115737915
2965 401 1.884390115737915
401 3518 1.7142939567565918
3518 401 1.7142939567565918
401 660 1.9604130983352661
660 401 1.9604130983352661
401 652 1.9142553806304932
652 401 1.9142553806304932
411 3147 1.6799613237380981
3147 411 1.6799613237380981
411 2023 1.8451048135757446
2023 411 1.8451048135757446
416 721 1.8458747863769531
721 416 1.8458747863769531
416 1544 1.6786091327667236
1544 416 1.6786091327667236
416 3002 1.7645372152328491
3002 416 1.7645372152328491
416 2281 1.6369251012802124
2281 416 1.6369251012802124
416 1967 1.6781270503997803
1967 416 1.6781270503997803
416 2852 1.8644009828567505
2852 416 1.8644009828567505
416 788 2.1386728286743164
788 416 2.1386728286743164
441 2268 1.7907686233520508
2268 441 1.7907686233520508
441 1757 2.1764347553253174
1757 441 2.1764347553253174
441 2575 2.1049094200134277
2575 441 2.1049094200134277
441 1208 2.0489516258239746
1208 441 2.0489516258239746
443 2214 1.6743583679199219
2214 443 1.6743583679199219
443 1185 1.7760056257247925
1185 443 1.7760056257247925
443 2674 1.7925515174865723
2674 443 1.7925515174865723
443 3578 1.5074126720428467
3578 443 1.5074126720428467
443 1586 1.7420108318328857
1586 443 1.7420108318328857
443 3641 1.9362319707870483
3641 443 1.9362319707870483
443 3550 1.9994956254959106
3550 443 1.9994956254959106
443 2416 1.5564639568328857
2416 443 1.5564639568328857
448 1208 1.6039694547653198
1208 448 1.6039694547653198
461 1369 1.8564627170562744
1369 461 1.8564627170562744
461 1625 1.8413472175598145
1625 461 1.8413472175598145
463 3152 1.6709721088409424
3152 463 1.6709721088409424
470 999 1.8326311111450195
999 470 1.8326311111450195
470 3364 1.6504971981048584
3364 470 1.6504971981048584
470 3051 1.4832401275634766
3051 470 1.4832401275634766
470 1225 1.8997796773910522
1225 470 1.8997796773910522
470 2412 1.7189178466796875
2412 470 1.7189178466796875
470 3107 1.6521772146224976
3107 470 1.6521772146224976
470 2144 1.434615135192871
2144 470 1.434615135192871
470 822 2.00943660736084
822 470 2.00943660736084
470 473 1.5272884368896484
473 470 1.5272884368896484
470 592 1.474640130996704
592 470 1.474640130996704
470 2798 2.028926372528076
2798 470 2.028926372528076
470 2027 1.9390959739685059
2027 470 1.9390959739685059
470 1407 1.7362046241760254
1407 470 1.7362046241760254
470 2980 1.5257759094238281
2980 470 1.5257759094238281
470 2042 1.6827449798583984
2042 470 1.6827449798583984
472 1544 1.9779486656188965
1544 472 1.9779486656188965
473 2144 1.4818695783615112
2144 473 1.4818695783615112
480 3712 1.621190071105957
3712 480 1.621190071105957
480 3285 2.0046424865722656
3285 480 2.0046424865722656
480 1909 1.9227261543273926
1909 480 1.9227261543273926
480 783 1.7776437997817993
783 480 1.7776437997817993
480 654 2.5826125144958496
654 480 2.5826125144958496
480 2832 2.3263297080993652
2832 480 2.3263297080993652
480 3168 2.285274028778076
3168 480 2.285274028778076
480 2492 2.2269163131713867
2492 480 2.2269163131713867
480 2444 1.787509799003601
2444 480 1.787509799003601
483 1758 1.959208607673645
1758 483 1.959208607673645
483 714 1.5202420949935913
714 483 1.5202420949935913
483 2157 1.807786464691162
2157 483 1.807786464691162
483 1625 1.8017258644104004
1625 483 1.8017258644104004
483 1369 2.0946264266967773
1369 483 2.0946264266967773
483 2179 1.8509809970855713
2179 483 1.8509809970855713
524 1208 1.7886979579925537
1208 524 1.7886979579925537
524 2268 1.7727711200714111
2268 524 1.7727711200714111
536 2268 1.8060097694396973
2268 536 1.8060097694396973
544 1208 2.003255844116211
1208 544 2.003255844116211
544 2144 1.4546570777893066
2144 544 1.4546570777893066
551 1461 1.7063145637512207
1461 551 1.7063145637512207
563 646 1.849320888519287
646 563 1.849320888519287
567 1315 2.178511142730713
1315 567 2.178511142730713
575 1071 1.7156085968017578
1071 575 1.7156085968017578
592 1071 1.5843307971954346
1071 592 1.5843307971954346
592 2268 1.3398187160491943
2268 592 1.3398187160491943
641 1838 1.4159108400344849
1838 641 1.4159108400344849
641 1444 1.933549404144287
1444 641 1.933549404144287
641 1162 1.7895572185516357
1162 641 1.7895572185516357
646 1369 1.7019031047821045
1369 646 1.7019031047821045
646 1625 1.666461706161499
1625 646 1.666461706161499
646 714 1.4005776643753052
714 646 1.4005776643753052
652 1972 1.6886935234069824
1972 652 1.6886935234069824
652 1097 1.916844129562378
1097 652 1.916844129562378
652 3443 1.9254460334777832
3443 652 1.9254460334777832
652 1461 1.6739912033081055
1461 652 1.6739912033081055
652 3518 2.019524574279785
3518 652 2.019524574279785
652 680 2.0078089237213135
680 652 2.0078089237213135
653 1544 1.5350455045700073
1544 653 1.5350455045700073
653 2281 1.5775196552276611
2281 653 1.5775196552276611
653 2839 1.6786634922027588
2839 653 1.6786634922027588
653 788 1.852197527885437
788 653 1.852197527885437
654 2943 1.8915603160858154
2943 654 1.8915603160858154
654 2444 1.7598493099212646
2444 654 1.7598493099212646
654 3712 1.9652551412582397
3712 654 1.9652551412582397
654 3285 2.1778621673583984
3285 654 2.1778621673583984
654 2492 2.1244494915008545
2492 654 2.1244494915008545
654 1909 1.765479564666748
1909 654 1.765479564666748
654 3168 1.9913628101348877
3168 654 1.9913628101348877
654 2832 2.112332344055176
2832 654 2.112332344055176
654 3529 1.6840027570724487
3529 654 1.6840027570724487
654 2814 1.5935728549957275
2814 654 1.5935728549957275
657 2144 1.5414719581604004
2144 657 1.5414719581604004
660 3526 1.8547539710998535
3526 660 1.8547539710998535
660 1481 1.6659791469573975
1481 660 1.6659791469573975
660 2700 1.7577283382415771
2700 660 1.7577283382415771
660 1097 1.6899206638336182
1097 660 1.6899206638336182
660 709 1.7993085384368896
709 660 1.7993085384368896
660 1226 1.896393060684204
1226 660 1.896393060684204
660 795 1.8109744787216187
795 660 1.8109744787216187
660 2882 2.169503688812256
2882 660 2.169503688812256
660 2593 1.7959673404693604
2593 660 1.7959673404693604
660 1972 2.124049663543701
1972 660 2.124049663543701
660 1349 1.8539323806762695
1349 660 1.8539323806762695
660 3313 1.810774803161621
3313 660 1.810774803161621
660 2965 2.0553932189941406
2965 660 2.0553932189941406
660 1461 1.9286162853240967
1461 660 1.9286162853240967
660 3697 1.5589025020599365
3697 660 1.5589025020599365
660 3518 2.1910157203674316
3518 660 2.1910157203674316
660 1304 2.0615508556365967
1304 660 2.0615508556365967
660 680 1.711042881011963
680 660 1.711042881011963
664 3152 1.9042145013809204
3152 664 1.9042145013809204
672 788 1.9801584482192993
788 672 1.9801584482192993
672 2852 1.723510980606079
2852 672 1.723510980606079
672 2281 1.9311699867248535
2281 672 1.9311699867248535
680 1972 2.0294225215911865
1972 680 2.0294225215911865
680 3518 2.0353024005889893
3518 680 2.0353024005889893
685 714 1.4926655292510986
714 685 1.4926655292510986
685 2448 2.801447868347168
2448 685 2.801447868347168
685 1369 2.0318262577056885
1369 685 2.0318262577056885
687 3188 1.908261775970459
3188 687 1.908261775970459
687 3429 1.7769980430603027
3429 687 1.7769980430603027
687 3456 1.4864318370819092
3456 687 1.4864318370819092
687 1728 1.800142526626587
1728 687 1.800142526626587
687 1645 1.852332592010498
1645 687 1.852332592010498
687 1106 2.0116918087005615
1106 687 2.0116918087005615
687 3152 1.7263736724853516
3152 687 1.7263736724853516
687 2772 1.5585761070251465
2772 687 1.5585761070251465
687 2527 1.771027684211731
2527 687 1.771027684211731
687 1961 1.5760581493377686
1961 687 1.5760581493377686
687 1917 1.7219936847686768
1917 687 1.7219936847686768
687 1876 1.461423635482788
1876 687 1.461423635482788
687 1838 1.5464513301849365
1838 687 1.5464513301849365
687 1269 1.9592843055725098
1269 687 1.9592843055725098
687 1182 1.9586248397827148
1182 687 1.9586248397827148
688 3471 2.2565064430236816
3471 688 2.2565064430236816
697 1023 1.856992244720459
1023 697 1.856992244720459
708 3147 1.7642428874969482
3147 708 1.7642428874969482
714 1208 1.3764134645462036
1208 714 1.3764134645462036
714 2844 1.5930416584014893
2844 714 1.5930416584014893
714 882 1.4936063289642334
882 714 1.4936063289642334
714 3300 1.5058422088623047
3300 714 1.5058422088623047
714 2179 1.5754656791687012
2179 714 1.5754656791687012
714 1315 1.7799336910247803
1315 714 1.7799336910247803
714 2448 1.5741108655929565
2448 714 1.5741108655929565
714 2157 1.6340047121047974
2157 714 1.6340047121047974
714 1369 1.9418017864227295
1369 714 1.9418017864227295
714 1131 1.4579042196273804
1131 714 1.4579042196273804
714 2128 1.602019190788269
2128 714 1.602019190788269
714 1023 1.472395896911621
1023 714 1.472395896911621
714 1625 1.752502679824829
1625 714 1.752502679824829
714 1758 1.6330349445343018
1758 714 1.6330349445343018
714 3702 1.4090148210525513
3702 714 1.4090148210525513
714 1082 1.5981457233428955
1082 714 1.5981457233428955
714 3693 1.6157786846160889
3693 714 1.6157786846160889
719 1625 1.9657156467437744
1625 719 1.9657156467437744
719 1369 1.9378763437271118
1369 719 1.9378763437271118
721 1544 1.8754732608795166
1544 721 1.8754732608795166
721 2281 1.5076574087142944
2281 721 1.5076574087142944
731 2268 1.4616761207580566
2268 731 1.4616761207580566
731 2569 1.9057745933532715
2569 731 1.9057745933532715
731 2144 1.5331560373306274
2144 731 1.5331560373306274
754 2852 2.225493907928467
2852 754 2.225493907928467
768 795 3.2266063690185547
795 768 3.2266063690185547
783 2814 1.7337744235992432
2814 783 1.7337744235992432
783 3168 1.6950267553329468
3168 783 1.6950267553329468
783 2444 1.783440113067627
2444 783 1.783440113067627
783 1909 2.2181973457336426
1909 783 2.2181973457336426
783 2492 2.1669414043426514
2492 783 2.1669414043426514
788 2606 1.6840901374816895
2606 788 1.6840901374816895
788 1062 2.0561771392822266
1062 788 2.0561771392822266
788 3187 1.8585612773895264
3187 788 1.8585612773895264
788 3002 1.8486218452453613
3002 788 1.8486218452453613
788 1544 2.2123823165893555
1544 788 2.2123823165893555
788 2545 2.0946109294891357
2545 788 2.0946109294891357
788 1967 1.5887138843536377
1967 788 1.5887138843536377
788 3264 2.0164408683776855
3264 788 2.0164408683776855
788 2449 1.5095264911651611
2449 788 1.5095264911651611
788 2407 2.0436670780181885
2407 788 2.0436670780181885
788 1837 1.867783546447754
1837 788 1.867783546447754
788 2852 1.7604938745498657
2852 788 1.7604938745498657
788 2839 1.871124505996704
2839 788 1.871124505996704
788 2281 2.040489673614502
2281 788 2.040489673614502
788 1143 2.034210205078125
1143 788 2.034210205078125
795 2882 1.8433732986450195
2882 795 1.8433732986450195
795 1461 1.9485456943511963
1461 795 1.9485456943511963
851 1369 2.0682406425476074
1369 851 2.0682406425476074
860 3518 1.9284141063690186
3518 860 1.9284141063690186
882 1758 1.6916611194610596
1758 882 1.6916611194610596
882 1315 1.810056209564209
1315 882 1.810056209564209
882 2157 2.05557918548584
2157 882 2.05557918548584
882 1540 1.6404056549072266
1540 882 1.6404056549072266
882 1302 1.896547794342041
1302 882 1.896547794342041
900 2174 1.853318691253662
2174 900 1.853318691253662
900 2023 1.681931972503662
2023 900 1.681931972503662
905 2023 1.5552473068237305
2023 905 1.5552473068237305
907 2144 1.4444254636764526
2144 907 1.4444254636764526
911 1208 1.4697167873382568
1208 911 1.4697167873382568
911 2212 1.661238670349121
2212 911 1.661238670349121
911 2144 1.35373854637146
2144 911 1.35373854637146
911 2727 1.6455066204071045
2727 911 1.6455066204071045
919 2834 1.927232027053833
2834 919 1.927232027053833
924 2492 2.1204965114593506
2492 924 2.1204965114593506
944 2281 1.4256781339645386
2281 944 1.4256781339645386
944 2852 1.7643169164657593
2852 944 1.7643169164657593
944 2839 1.6246635913848877
2839 944 1.6246635913848877
944 2407 1.9807043075561523
2407 944 1.9807043075561523
944 1837 1.7589823007583618
1837 944 1.7589823007583618
968 3654 2.79687237739563
3654 968 2.79687237739563
968 2707 2.294342517852783
2707 968 2.294342517852783
968 2361 2.230271100997925
2361 968 2.230271100997925
968 2186 2.2507505416870117
2186 968 2.2507505416870117
968 3190 2.5051426887512207
3190 968 2.5051426887512207
968 2721 1.8759688138961792
2721 968 1.8759688138961792
968 2594 2.0145931243896484
2594 968 2.0145931243896484
968 2469 2.066621780395508
2469 968 2.066621780395508
968 2363 2.0951600074768066
2363 968 2.0951600074768066
968 1710 1.782181978225708
1710 968 1.782181978225708
968 1660 2.407170295715332
1660 968 2.407170295715332
968 1299 2.1246771812438965
1299 968 2.1246771812438965
991 1315 3.008488178253174
1315 991 3.008488178253174
994 2814 1.7457823753356934
2814 994 1.7457823753356934
994 2834 2.012380599975586
2834 994 2.012380599975586
994 3168 1.8597712516784668
3168 994 1.8597712516784668
994 2444 1.6022934913635254
2444 994 1.6022934913635254
994 1909 2.2041964530944824
1909 994 2.2041964530944824
997 1728 1.684511661529541
1728 997 1.684511661529541
999 2144 1.5377821922302246
2144 999 1.5377821922302246
1023 3693 1.54052734375
3693 1023 1.54052734375
1023 3702 1.568079948425293
3702 1023 1.568079948425293
1023 1082 1.6910037994384766
1082 1023 1.6910037994384766
1023 2268 1.5133967399597168
2268 1023 1.5133967399597168
1023 2128 1.6505029201507568
2128 1023 1.6505029201507568
1023 1131 1.6468682289123535
1131 1023 1.6468682289123535
1025 2144 1.373307704925537
2144 1025 1.373307704925537
1062 1544 1.6739306449890137
1544 1062 1.6739306449890137
1071 1631 2.1464908123016357
1631 1071 2.1464908123016357
1083 2174 2.0810556411743164
2174 1083 2.0810556411743164
1083 2023 1.5882301330566406
2023 1083 1.5882301330566406
1096 1586 2.056426763534546
1586 1096 2.056426763534546
1097 1461 2.0578103065490723
1461 1097 2.0578103065490723
1097 2593 2.4494333267211914
2593 1097 2.4494333267211914
1097 1972 1.933305263519287
1972 1097 1.933305263519287
1097 3518 1.6759089231491089
3518 1097 1.6759089231491089
1101 1208 1.8692021369934082
1208 1101 1.8692021369934082
1106 3172 1.4883323907852173
3172 1106 1.4883323907852173
1106 3471 1.6163201332092285
3471 1106 1.6163201332092285
1106 1645 2.037428855895996
1645 1106 2.037428855895996
1106 2772 1.7444462776184082
2772 1106 1.7444462776184082
1106 1917 1.7306652069091797
1917 1106 1.7306652069091797
1106 2527 1.484323501586914
2527 1106 1.484323501586914
1106 2415 2.1081531047821045
2415 1106 2.1081531047821045
1106 1876 1.425466537475586
1876 1106 1.425466537475586
1106 1269 1.647383689880371
1269 1106 1.647383689880371
1106 1182 1.6756792068481445
1182 1106 1.6756792068481445
1106 1838 1.7046937942504883
1838 1106 1.7046937942504883
1106 3456 1.5996958017349243
3456 1106 1.5996958017349243
1106 1961 1.4088215827941895
1961 1106 1.4088215827941895
1106 1728 1.7679355144500732
1728 1106 1.7679355144500732
1108 1961 1.9135184288024902
1961 1108 1.9135184288024902
1131 2128 1.7696657180786133
2128 1131 1.7696657180786133
1131 3693 2.3181328773498535
3693 1131 2.3181328773498535
1142 2839 1.7426844835281372
2839 1142 1.7426844835281372
1142 1544 1.6850125789642334
1544 1142 1.6850125789642334
1143 1544 2.238699436187744
1544 1143 2.238699436187744
1143 2757 1.8105297088623047
2757 1143 1.8105297088623047
1143 2449 1.819770097732544
2449 1143 1.819770097732544
1143 2852 1.8022613525390625
2852 1143 1.8022613525390625
1143 2839 1.8847992420196533
2839 1143 1.8847992420196533
1143 2281 1.7247538566589355
2281 1143 1.7247538566589355
1160 2852 1.8416622877120972
2852 1160 1.8416622877120972
1160 2281 1.5337705612182617
2281 1160 1.5337705612182617
1165 2973 2.034804344177246
2973 1165 2.034804344177246
1174 2594 1.788667917251587
2594 1174 1.788667917251587
1174 1660 2.056997060775757
1660 1174 2.056997060775757
1182 2774 1.7012158632278442
2774 1182 1.7012158632278442
1182 1876 2.2757298946380615
1876 1182 2.2757298946380615
1182 1838 1.462766170501709
1838 1182 1.462766170501709
1185 1586 2.276346206665039
1586 1185 2.276346206665039
1185 2896 1.784831166267395
2896 1185 1.784831166267395
1185 2416 2.021420955657959
2416 1185 2.021420955657959
1188 2144 1.5306228399276733
2144 1188 1.5306228399276733
1195 3190 2.110835075378418
3190 1195 2.110835075378418
1195 2721 2.2523488998413086
2721 1195 2.2523488998413086
1195 2609 2.2623801231384277
2609 1195 2.2623801231384277
1195 1660 2.1524393558502197
1660 1195 2.1524393558502197
1208 2529 1.7116435766220093
2529 1208 1.7116435766220093
1208 2956 1.9581124782562256
2956 1208 1.9581124782562256
1208 1757 1.628838062286377
1757 1208 1.628838062286377
1208 2569 1.8184523582458496
2569 1208 1.8184523582458496
1208 3554 1.802680492401123
3554 1208 1.802680492401123
1208 3371 1.7444136142730713
3371 1208 1.7444136142730713
1208 2907 1.9551918506622314
2907 1208 1.9551918506622314
1208 2144 1.632258415222168
2144 1208 1.632258415222168
1208 1638 1.92673659324646
1638 1208 1.92673659324646
1208 3615 2.052151679992676
3615 1208 2.052151679992676
1208 2905 1.7774674892425537
2905 1208 1.7774674892425537
1208 1576 1.7926075458526611
1576 1208 1.7926075458526611
1208 1541 1.7988722324371338
1541 1208 1.7988722324371338
1208 2735 1.51790189743042
2735 1208 1.51790189743042
1208 2268 2.0468459129333496
2268 1208 2.0468459129333496
1208 2212 1.6517481803894043
2212 1208 1.6517481803894043
1208 2575 1.8215234279632568
2575 1208 1.8215234279632568
1208 1654 1.883134126663208
1654 1208 1.883134126663208
1224 1544 1.7417963743209839
1544 1224 1.7417963743209839
1224 2281 1.6350972652435303
2281 1224 1.6350972652435303
1226 3518 1.7619049549102783
3518 1226 1.7619049549102783
1228 3152 1.7324774265289307
3152 1228 1.7324774265289307
1230 3684 2.2105605602264404
3684 1230 2.2105605602264404
1233 2281 1.729731559753418
2281 1233 1.729731559753418
1233 3227 2.118021249771118
3227 1233 2.118021249771118
1237 2852 2.2391586303710938
2852 1237 2.2391586303710938
1247 1544 1.6936604976654053
1544 1247 1.6936604976654053
1258 1972 2.1070241928100586
1972 1258 2.1070241928100586
1259 1461 1.7807929515838623
1461 1259 1.7807929515838623
1260 2594 2.2139534950256348
2594 1260 2.2139534950256348
1269 1728 1.7672197818756104
1728 1269 1.7672197818756104
1269 3152 1.666846513748169
3152 1269 1.666846513748169
1269 2973 2.049349069595337
2973 1269 2.049349069595337
1269 2527 1.7188568115234375
2527 1269 1.7188568115234375
1269 1838 1.579003095626831
1838 1269 1.579003095626831
1283 1838 1.708404779434204
1838 1283 1.708404779434204
1299 2594 1.4872760772705078
2594 1299 1.4872760772705078
1299 1710 1.8196144104003906
1710 1299 1.8196144104003906
1304 3518 2.1119372844696045
3518 1304 2.1119372844696045
1315 2179 1.8777016401290894
2179 1315 1.8777016401290894
1315 1758 1.900834083557129
1758 1315 1.900834083557129
1315 1625 1.7956514358520508
1625 1315 1.7956514358520508
1315 1369 2.2013375759124756
1369 1315 2.2013375759124756
1369 3300 1.7159674167633057
3300 1369 1.7159674167633057
1369 1758 2.0782456398010254
1758 1369 2.0782456398010254
1369 2179 1.8695979118347168
2179 1369 1.8695979118347168
1369 1625 2.102875232696533
1625 1369 2.102875232696533
1369 2953 1.7189414501190186
2953 1369 1.7189414501190186
1369 2448 2.209444761276245
2448 1369 2.209444761276245
1369 1740 1.8289098739624023
1740 1369 1.8289098739624023
1369 3436 1.87015962600708
3436 1369 1.87015962600708
1369 2270 1.910569190979004
2270 1369 1.910569190979004
1369 1388 2.023132801055908
1388 1369 2.023132801055908
1403 2834 2.031381130218506
2834 1403 2.031381130218506
1407 2980 1.5657211542129517
2980 1407 1.5657211542129517
1407 2144 1.3686962127685547
2144 1407 1.3686962127685547
1407 2798 2.0019936561584473
2798 1407 2.0019936561584473
1439 2814 2.01914644241333
2814 1439 2.01914644241333
1444 3396 1.8053553104400635
3396 1444 1.8053553104400635
1444 1838 1.5242880582809448
1838 1444 1.5242880582809448
1461 1481 1.4707971811294556
1481 1461 1.4707971811294556
1461 2073 1.9941737651824951
2073 1461 1.9941737651824951
1461 1972 2.0247249603271484
1972 1461 2.0247249603271484
1461 2593 1.921716570854187
2593 1461 1.921716570854187
1461 1836 1.7733447551727295
1836 1461 1.7733447551727295
1461 2865 1.8843483924865723
2865 1461 1.8843483924865723
1461 3697 1.5723168849945068
3697 1461 1.5723168849945068
1461 3423 1.8630938529968262
3423 1461 1.8630938529968262
1461 3149 1.5704548358917236
3149 1461 1.5704548358917236
1461 2882 2.0114073753356934
2882 1461 2.0114073753356934
1461 2051 1.690772294998169
2051 1461 1.690772294998169
1461 3518 1.9013615846633911
3518 1461 1.9013615846633911
1501 2377 1.7648448944091797
2377 1501 1.7648448944091797
1541 2268 1.6589925289154053
2268 1541 1.6589925289154053
1544 2545 1.722455382347107
2545 1544 1.722455382347107
1544 3227 1.4801868200302124
3227 1544 1.4801868200302124
1544 3187 1.797863245010376
3187 1544 1.797863245010376
1544 2852 1.8953936100006104
2852 1544 1.8953936100006104
1544 1967 1.5238597393035889
1967 1544 1.5238597393035889
1544 3243 1.641091227531433
3243 1544 1.641091227531433
1544 2839 1.8655396699905396
2839 1544 1.8655396699905396
1544 2757 1.6943753957748413
2757 1544 1.6943753957748413
1544 2330 1.4199618101119995
2330 1544 1.4199618101119995
1544 2067 1.8157377243041992
2067 1544 1.8157377243041992
1544 2449 2.0976920127868652
2449 1544 2.0976920127868652
1544 3002 1.613768219947815
3002 1544 1.613768219947815
1544 2655 1.800249695777893
2655 1544 1.800249695777893
1544 2606 1.4923887252807617
2606 1544 1.4923887252807617
1544 2281 2.0411415100097656
2281 1544 2.0411415100097656
1569 3168 1.990505337715149
3168 1569 1.990505337715149
1569 2492 2.2504501342773438
2492 1569 2.2504501342773438
1586 3550 1.8698570728302002
3550 1586 1.8698570728302002
1619 2444 1.8525245189666748
2444 1619 1.8525245189666748
1622 2214 1.7810132503509521
2214 1622 1.7810132503509521
1625 2844 1.8358256816864014
2844 1625 1.8358256816864014
1625 1758 2.2247743606567383
1758 1625 2.2247743606567383
1625 3436 1.7944159507751465
3436 1625 1.7944159507751465
1625 2179 1.7513160705566406
2179 1625 1.7513160705566406
1625 1740 1.8535906076431274
1740 1625 1.8535906076431274
1635 2839 1.7559525966644287
2839 1635 1.7559525966644287
1645 1728 1.8737481832504272
1728 1645 1.8737481832504272
1654 2268 1.5831644535064697
2268 1654 1.5831644535064697
1654 2144 1.5215773582458496
2144 1654 1.5215773582458496
1654 2575 2.1158032417297363
2575 1654 2.1158032417297363
1658 2268 1.7525300979614258
2268 1658 1.7525300979614258
1660 2609 1.745805025100708
2609 1660 1.745805025100708
1660 3654 2.175168514251709
3654 1660 2.175168514251709
1660 2707 2.27054500579834
2707 1660 2.27054500579834
1660 2361 1.9044137001037598
2361 1660 1.9044137001037598
1660 2186 2.1060028076171875
2186 1660 2.1060028076171875
1660 3190 2.3168253898620605
3190 1660 2.3168253898620605
1660 2721 2.5340209007263184
2721 1660 2.5340209007263184
1660 2677 2.2396867275238037
2677 1660 2.2396867275238037
1660 2594 1.6798443794250488
2594 1660 1.6798443794250488
1660 2363 1.9391697645187378
2363 1660 1.9391697645187378
1683 2492 2.080423593521118
2492 1683 2.080423593521118
1684 2594 1.7022396326065063
2594 1684 1.7022396326065063
1693 3518 1.9197421073913574
3518 1693 1.9197421073913574
1710 2361 1.7804516553878784
2361 1710 1.7804516553878784
1710 2363 1.696152925491333
2363 1710 1.696152925491333
1728 3152 1.5009137392044067
3152 1728 1.5009137392044067
1728 2387 1.7911615371704102
2387 1728 1.7911615371704102
1728 3136 2.0692806243896484
3136 1728 2.0692806243896484
1728 1838 1.686589241027832
1838 1728 1.686589241027832
1757 2144 1.3408851623535156
2144 1757 1.3408851623535156
1760 2144 1.503904104232788
2144 1760 1.503904104232788
1776 1838 1.47113037109375
1838 1776 1.47113037109375
1793 2444 1.9969329833984375
2444 1793 1.9969329833984375
1803 2814 1.8590604066848755
2814 1803 1.8590604066848755
1803 3168 2.0737714767456055
3168 1803 2.0737714767456055
1803 2444 2.034207820892334
2444 1803 2.034207820892334
1805 2023 1.7398240566253662
2023 1805 1.7398240566253662
1837 2281 1.8369569778442383
2281 1837 1.8369569778442383
1837 3264 2.246950626373291
3264 1837 2.246950626373291
1837 2839 1.7221777439117432
2839 1837 1.7221777439117432
1838 3456 1.38724684715271
3456 1838 1.38724684715271
1838 2346 1.753903865814209
2346 1838 1.753903865814209
1838 3603 1.5623023509979248
3603 1838 1.5623023509979248
1838 3297 1.9790406227111816
3297 1838 1.9790406227111816
1838 3528 1.5051138401031494
3528 1838 1.5051138401031494
1838 3396 1.461238980293274
3396 1838 1.461238980293274
1838 3152 1.6123640537261963
3152 1838 1.6123640537261963
1838 2772 1.466517686843872
2772 1838 1.466517686843872
1838 2527 1.602433443069458
2527 1838 1.602433443069458
1838 2520 1.6558163166046143
2520 1838 1.6558163166046143
1838 2258 1.6925472021102905
2258 1838 1.6925472021102905
1838 2774 1.5541152954101562
2774 1838 1.5541152954101562
1838 1876 1.5033634901046753
1876 1838 1.5033634901046753
1876 3396 2.178995132446289
3396 1876 2.178995132446289
1876 3152 1.5216829776763916
3152 1876 1.5216829776763916
1876 2774 1.5349701642990112
2774 1876 1.5349701642990112
1882 2772 2.2255709171295166
2772 1882 2.2255709171295166
1895 3456 1.7161552906036377
3456 1895 1.7161552906036377
1900 3168 1.727339267730713
3168 1900 1.727339267730713
1900 2814 2.0382771492004395
2814 1900 2.0382771492004395
1900 2444 1.9221303462982178
2444 1900 1.9221303462982178
1909 2814 2.020153522491455
2814 1909 2.020153522491455
1909 3285 1.8621466159820557
3285 1909 1.8621466159820557
1909 3563 1.9294730424880981
3563 1909 1.9294730424880981
1909 3253 1.8135178089141846
3253 1909 1.8135178089141846
1909 3168 2.2708654403686523
3168 1909 2.2708654403686523
1909 2832 1.9381160736083984
2832 1909 1.9381160736083984
1909 2492 2.110889434814453
2492 1909 2.110889434814453
1909 1920 2.3054473400115967
1920 1909 2.3054473400115967
1909 3712 2.176558256149292
3712 1909 2.176558256149292
1909 2444 1.846358299255371
2444 1909 1.846358299255371
1917 3122 2.3150219917297363
3122 1917 2.3150219917297363
1918 2416 1.9496372938156128
2416 1918 1.9496372938156128
1920 2814 1.736354112625122
2814 1920 1.736354112625122
1920 3168 1.7650781869888306
3168 1920 1.7650781869888306
1920 2492 1.720501184463501
2492 1920 1.720501184463501
1920 2444 1.6580508947372437
2444 1920 1.6580508947372437
1935 2268 1.6805824041366577
2268 1935 1.6805824041366577
1956 3518 1.7816745042800903
3518 1956 1.7816745042800903
1967 2330 1.4826452732086182
2330 1967 1.4826452732086182
1967 2606 1.6016781330108643
2606 1967 1.6016781330108643
1967 3002 1.6446195840835571
3002 1967 1.6446195840835571
1967 2852 1.737555980682373
2852 1967 1.737555980682373
1967 2839 1.60923433303833
2839 1967 1.60923433303833
1967 2281 1.6776378154754639
2281 1967 1.6776378154754639
1967 2449 1.6377780437469482
2449 1967 1.6377780437469482
1972 2882 2.2748751640319824
